0 0.06038961038961039 0.47635933806146574 0.03766233766233766 0.08274231678486997
0 0.25227272727272726 0.26122931442080377 0.03571428571428571 0.06855791962174941
0 0.42045454545454547 0.25354609929078015 0.025324675324675326 0.0673758865248227
0 0.49512987012987014 0.1453900709219858 0.01883116883116883 0.054373522458628844
0 0.5834415584415584 0.10342789598108747 0.025324675324675326 0.04846335697399527
0 0.5402597402597402 0.028368794326241134 0.012987012987012988 0.037825059101654845
0 0.3237012987012987 0.08687943262411348 0.016233766233766232 0.041371158392434985
0 0.37597402597402596 0.08037825059101655 0.00909090909090909 0.037825059101654845
0 0.2694805194805195 0.07387706855791962 0.02077922077922078 0.02955082742316785
0 0.15324675324675324 0.15130023640661938 0.01948051948051948 0.04491725768321513
0 0.7737012987012987 0.7021276595744681 0.03571428571428571 0.11583924349881797
