positive\1674833092.0623353.jpg 2 796 261 123 132 280 27 67 80
positive\1674833096.564747.jpg 3 581 185 84 113 416 94 82 90 1009 533 107 159
positive\1674833099.3204293.jpg 3 374 104 70 69 792 181 57 81 718 235 69 117
positive\1674833103.4130254.jpg 1 533 28 51 64
positive\1674833106.5612562.jpg 1 674 223 139 132
positive\1674833113.7564383.jpg 2 86 151 35 58 753 311 56 51
positive\1674833139.1994185.jpg 2 784 203 33 55 751 48 28 36
positive\1674833155.1500087.jpg 3 644 201 42 55 959 30 28 38 1311 52 29 37
positive\1674833164.9047196.jpg 2 713 192 53 96 927 141 33 53
positive\1674833177.9493947.jpg 2 789 141 65 80 1374 234 70 106
positive\1674833193.591678.jpg 4 438 150 75 86 1130 155 58 68 1247 14 31 39 1421 157 53 44
positive\1674833197.627997.jpg 3 819 237 59 82 389 246 77 80 1087 76 22 44
positive\1674833202.2403708.jpg 3 889 125 110 118 699 110 72 76 547 128 135 167
positive\1674833205.8078902.jpg 6 484 174 118 149 28 170 45 62 676 115 25 38 590 143 13 30 1097 162 46 85 998 168 102 136
positive\1674833243.2419803.jpg 3 782 193 61 76 935 233 79 98 455 129 48 59
positive\1674833247.2593637.jpg 2 770 142 59 107 1135 149 81 99
positive\1674833250.4946337.jpg 2 569 158 60 74 787 315 81 98
positive\1674833253.802593.jpg 1 754 255 62 107
positive\1674833255.8242486.jpg 4 1105 337 77 121 1293 48 46 53 562 6 28 44 636 376 87 122
positive\1674833259.5815587.jpg 2 824 361 104 112 686 365 72 81
positive\1674833264.8290458.jpg 4 23 323 93 95 691 175 56 69 1034 83 22 36 1066 80 27 35
positive\1674833272.1851518.jpg 3 723 197 68 98 354 366 184 233 155 135 47 66
positive\1674833274.5444775.jpg 2 610 271 121 157 769 253 96 148
positive\1674833277.0428324.jpg 1 696 325 82 77
positive\1674833301.3317394.jpg 3 779 166 41 66 799 77 24 44 1358 275 73 72
positive\1674833306.438372.jpg 1 804 213 44 64
positive\1674833310.2200217.jpg 1 623 140 76 89
positive\1674833323.1772304.jpg 3 1172 284 39 51 1380 260 28 36 917 318 155 297
positive\1674833327.2149084.jpg 2 328 395 119 93 48 225 52 73
positive\1674833331.4092927.jpg 3 142 479 146 152 1144 208 40 51 1236 176 35 51
positive\1674833379.2447433.jpg 2 687 212 35 72 455 82 36 46
positive\1674833400.3235273.jpg 2 627 224 60 72 606 119 62 58
positive\1674833418.764462.jpg 2 712 212 48 71 252 86 25 49
positive\1674833423.042944.jpg 2 739 210 49 66 1249 137 29 58
positive\1674833431.4538417.jpg 2 1186 266 58 71 80 119 57 80
positive\1674833437.6085517.jpg 2 193 534 91 97 679 212 58 81
positive\1674833469.065646.jpg 3 985 223 62 86 1301 199 72 76 643 92 43 54
positive\1674833479.1293542.jpg 2 50 290 60 77 896 223 58 69
positive\1674833523.1830776.jpg 2 724 203 52 68 214 104 28 47
positive\1674833529.3736145.jpg 2 588 223 48 77 1012 68 34 51
positive\1674833536.0929425.jpg 2 780 212 50 61 1021 149 32 53
positive\1675411329.693746.jpg 2 780 145 27 35 157 285 42 58
positive\1675411363.2341464.jpg 2 503 144 58 69 781 50 32 41
positive\1675411368.1511443.jpg 2 791 203 63 87 199 165 30 48
positive\1675411370.9758456.jpg 2 506 35 33 61 1154 172 66 60
positive\1675411373.0178404.jpg 2 914 241 50 65 218 324 45 82
positive\1675411378.7523787.jpg 2 487 240 63 121 1005 242 65 121
positive\1675411395.308976.jpg 1 504 176 27 51
positive\1675411397.3913932.jpg 3 670 194 38 45 158 137 27 35 1 194 28 50
positive\1675411400.4480865.jpg 8 45 183 34 58 104 150 36 44 613 173 47 51 580 140 34 37 1180 248 68 83 1193 152 18 43 870 155 18 37 900 143 18 34
positive\1675411422.9223592.jpg 6 319 207 47 74 545 144 31 50 631 124 31 42 817 159 38 50 999 136 22 37 1128 152 23 50
positive\1675411425.076989.jpg 6 112 205 62 63 540 247 38 85 531 194 49 53 1128 201 48 58 1358 187 47 49 1430 235 53 76
positive\1675411427.4004672.jpg 6 638 223 29 58 314 135 39 50 626 114 43 47 944 125 48 45 1037 194 46 56 1321 107 46 42
positive\1675411429.1947563.jpg 6 131 392 61 86 444 243 46 62 141 197 52 54 478 106 35 48 803 144 22 43 867 121 29 43
positive\1675411431.3171606.jpg 6 282 161 46 58 378 259 42 68 701 276 50 67 686 141 38 52 1011 190 35 50 1142 171 44 51
positive\1675411433.389845.jpg 7 1244 264 55 81 1009 179 59 66 682 150 49 53 651 246 39 78 473 122 31 47 295 120 36 36 58 197 46 54
positive\1675411436.1310046.jpg 6 1028 205 50 81 1241 149 55 62 838 133 46 53 543 117 32 44 324 113 40 42 239 189 45 48
positive\1675411438.9452233.jpg 3 460 231 62 108 1213 195 52 85 197 159 46 70
positive\1675411443.0709195.jpg 5 863 172 109 149 388 137 35 50 405 169 37 65 289 134 30 42 859 137 35 46
positive\1675411445.134305.jpg 5 884 170 48 95 527 134 33 41 857 135 28 52 407 164 36 81 419 135 29 24
positive\1675411448.0134914.jpg 5 642 170 44 80 765 135 41 52 465 133 31 50 367 138 31 56 1265 141 62 122
positive\1675411453.418039.jpg 6 797 168 32 54 1205 179 45 52 984 22 45 46 524 109 29 48 554 1 34 35 265 38 35 50
positive\1675411456.6826577.jpg 6 516 164 38 59 457 56 34 46 693 51 40 44 850 88 39 51 1124 252 36 65 1349 105 52 53
positive\1675411458.461312.jpg 4 813 239 42 58 1062 150 39 49 1330 208 59 58 754 129 38 43
positive\1675411460.5842664.jpg 5 591 249 46 64 594 160 38 48 975 132 39 43 1211 232 33 56 1343 155 34 41
positive\1675411471.8456736.jpg 2 737 128 27 47 1292 288 44 65
positive\1675411536.011492.jpg 3 1002 150 37 48 501 139 46 51 378 156 25 28
positive\1675411539.1735673.jpg 3 505 189 59 70 408 128 25 51 1160 186 56 71
positive\1675411541.1484952.jpg 5 437 206 54 59 997 245 48 75 577 155 31 43 621 153 29 32 854 119 17 23
positive\1675411543.9444506.jpg 7 371 326 61 86 59 178 35 47 190 140 40 33 509 75 22 27 381 82 19 30 1154 64 20 38 1186 90 42 37
positive\1675411546.634422.jpg 1 354 261 88 103
positive\1675411548.9881253.jpg 2 724 203 77 105 1131 30 50 73
positive\1675411550.3942778.jpg 1 826 226 74 103
positive\1675411551.5317223.jpg 1 802 228 86 105
positive\1675411552.7004194.jpg 1 769 228 78 101
positive\1675411555.3241804.jpg 1 677 399 74 93
positive\1675411560.4389625.jpg 5 493 91 36 42 345 227 31 36 807 124 55 63 938 118 53 59 1018 14 24 34
positive\1675411563.3342993.jpg 3 920 179 67 92 504 108 24 35 142 167 37 39
positive\1675411566.2456334.jpg 2 654 243 51 54 1226 116 73 84
positive\1675411568.8817515.jpg 3 743 145 59 59 542 90 46 48 1361 101 37 67
positive\1675411571.675633.jpg 5 88 343 70 91 626 199 43 49 1100 183 62 81 1022 167 46 60 1323 76 32 61
positive\1675411573.8767564.jpg 4 799 189 50 82 803 154 58 36 1128 103 38 39 1193 110 25 37
positive\1675411575.1560233.jpg 5 1088 240 49 102 1228 209 57 89 743 178 26 45 833 171 23 34 424 195 42 47
positive\1675411577.1094127.jpg 3 660 363 45 97 1033 194 72 86 1346 181 92 83
positive\1675411578.6595702.jpg 2 1010 333 66 89 682 87 36 56
positive\1675411580.1334624.jpg 3 490 178 54 60 724 243 49 62 1028 184 68 70
positive\1675411581.802464.jpg 11 64 368 58 70 361 192 55 58 628 186 39 57 748 100 29 46 879 67 39 41 822 8 20 32 486 56 25 35 572 52 14 32 399 50 32 25 221 109 30 38 1164 545 55 98
positive\1675411583.1282675.jpg 5 13 416 113 89 601 222 35 64 1015 266 66 74 1176 358 50 48 1373 124 50 48
positive\1675411584.811717.jpg 9 1045 232 55 58 819 142 29 41 916 124 25 41 1148 122 22 37 1314 126 22 37 605 322 51 75 394 316 61 72 317 146 40 42 331 191 31 43
positive\1675411586.9645333.jpg 4 29 333 55 73 262 227 70 62 439 2 26 39 706 2 39 25
positive\1675411590.3610768.jpg 3 606 181 56 66 622 41 41 56 324 57 43 69
positive\1675411593.3719826.jpg 6 431 198 54 66 302 15 42 58 0 275 43 80 859 227 59 68 1068 325 77 66 1137 461 91 68
positive\1675411594.6822464.jpg 4 1116 447 64 85 966 289 65 68 563 227 55 76 190 165 58 81
positive\1675411596.0955274.jpg 4 396 269 58 65 348 2 54 48 571 406 83 74 889 340 39 75
positive\1675411599.5590162.jpg 4 333 316 60 67 350 3 52 46 856 359 73 58 872 568 47 72
positive\1675411607.3499994.jpg 6 357 446 52 79 624 130 41 62 888 168 69 71 827 246 69 61 1218 467 51 67 1309 20 55 53
positive\1675411612.5716698.jpg 6 540 230 36 72 663 84 47 53 858 256 38 72 1184 384 60 79 1032 246 58 62 1089 249 68 70
positive\1675411615.1564672.jpg 6 178 407 52 76 340 241 35 63 868 221 43 64 1157 238 61 72 524 389 45 63 591 306 46 61
positive\1675411617.5501125.jpg 6 460 230 72 62 616 204 50 57 490 401 79 80 574 453 56 80 942 413 60 73 1172 577 73 116
positive\1675411618.8794763.jpg 7 822 241 49 52 534 153 62 52 517 204 77 61 433 254 57 61 517 342 52 68 523 498 68 65 147 696 69 84
positive\1675411620.285672.jpg 5 346 86 50 58 595 194 50 58 771 196 35 64 663 232 42 45 625 276 52 64
positive\1675411623.8420997.jpg 6 318 306 58 64 904 264 63 62 1115 499 68 57 1232 390 60 71 1308 387 67 38 1282 424 81 60
positive\1675411625.462723.jpg 8 711 135 43 56 487 23 37 46 969 474 81 79 934 385 61 79 1114 319 49 73 1146 354 53 58 1233 330 62 65 1294 314 47 73
positive\1675411628.1231403.jpg 5 337 501 67 83 775 202 40 57 991 296 58 65 967 235 55 58 1470 244 41 76
positive\1675411633.0457861.jpg 5 724 203 51 59 887 221 59 56 1275 73 69 61 669 396 33 60 797 409 46 66
positive\1675411648.0074267.jpg 6 76 224 46 52 654 193 47 53 1124 208 30 40 1110 282 35 49 1377 288 37 64 1199 289 51 58
positive\1675411651.9647963.jpg 8 1207 319 51 60 1334 228 42 49 1339 168 37 42 655 151 35 41 186 501 109 97 1480 463 46 45 544 68 32 32 604 54 18 31
positive\1675411654.5444868.jpg 8 434 233 68 71 363 57 41 49 1228 135 44 57 1209 39 27 45 1263 62 31 45 1280 226 54 65 1303 401 79 85 1135 671 90 123
positive\1675411657.936507.jpg 9 1119 226 41 64 1297 173 60 64 1098 3 31 40 286 242 35 65 322 197 57 52 400 69 30 44 589 85 21 41 517 171 30 53 804 87 17 40
positive\1675411660.050362.jpg 3 707 108 52 58 529 393 44 63 1268 103 54 62
positive\1675411662.2080047.jpg 3 464 158 43 59 367 303 75 72 1043 230 55 76
positive\1675411666.249979.jpg 6 956 216 63 68 239 297 55 68 439 61 26 39 904 67 25 36 814 153 41 36 884 98 19 44
positive\1675411670.9352925.jpg 8 340 63 41 42 306 442 69 99 867 171 40 48 907 93 25 36 1238 127 40 46 1067 328 53 59 1077 287 51 45 1080 189 36 39
positive\1675411674.7788155.jpg 3 658 181 59 73 401 92 52 51 707 46 30 44
positive\1675411678.8960652.jpg 1 908 201 67 68
positive\1675411699.5257702.jpg 2 1007 232 52 53 869 119 33 41
positive\1675411702.8965578.jpg 2 695 216 55 65 1293 262 77 79
positive\1675411704.651408.jpg 3 736 197 34 54 423 20 33 40 1207 385 63 76
positive\1675411706.4175336.jpg 3 834 241 28 59 719 59 30 43 704 116 42 50
positive\1675411709.0263011.jpg 3 1167 370 57 74 923 37 49 63 779 1 29 34
positive\1675411711.4842567.jpg 2 585 117 70 83 972 101 62 91
positive\1675411713.0899956.jpg 3 1026 293 70 91 804 151 39 63 604 362 46 71
positive\1675411715.7994058.jpg 1 845 122 48 57
positive\1675411726.094414.jpg 4 295 215 52 81 0 494 76 82 530 137 60 62 526 95 43 49
positive\1675411733.8432896.jpg 2 821 121 31 56 553 71 40 50
positive\1675411736.9492989.jpg 2 664 295 50 68 441 127 34 48
positive\1675411744.87939.jpg 4 774 123 25 47 1000 84 27 36 212 223 40 50 327 205 24 45
positive\1675411747.1053355.jpg 5 793 121 26 46 564 51 37 39 1094 57 32 43 373 612 90 104 694 440 87 61
positive\1675411756.1230483.jpg 1 673 419 71 85
positive\1675411759.7200978.jpg 2 679 436 59 74 741 456 96 74
positive\1675411762.719073.jpg 2 682 428 49 70 736 458 97 73
positive\1675411764.2007978.jpg 2 620 431 119 79 672 348 46 77
positive\1675411765.4801319.jpg 3 643 370 93 121 707 278 98 107 1365 118 138 123
positive\1675411767.3859203.jpg 3 1253 84 115 119 712 273 76 73 661 326 48 114
positive\1675411770.8107927.jpg 4 634 197 81 107 881 292 105 132 439 372 108 158 597 355 124 178
positive\1675411774.5663464.jpg 2 589 224 112 142 572 355 113 171
positive\1675411776.43824.jpg 2 650 257 84 87 667 337 74 67
positive\1675411779.903049.jpg 4 1371 103 78 82 401 285 62 86 517 327 87 103 466 342 59 83
positive\1675411784.6701515.jpg 2 676 476 80 50 651 390 80 84
positive\1675411786.0562332.jpg 2 1047 34 78 77 667 417 129 147
positive\1675411805.654181.jpg 1 576 444 75 116
positive\1675411807.925296.jpg 1 552 392 65 102
positive\1675411818.46707.jpg 1 651 266 108 98
positive\1675411822.5036576.jpg 1 870 274 134 127
positive\1675411825.7034073.jpg 1 866 270 90 129
positive\1675411828.7713492.jpg 1 562 353 97 114
positive\1675411831.8706431.jpg 1 518 414 108 125
positive\1675411834.9724696.jpg 1 606 441 93 156
positive\1675411838.3017797.jpg 1 859 454 97 150
positive\1675411841.3921945.jpg 3 827 395 43 50 931 382 36 38 867 431 120 158
positive\1675411844.1856434.jpg 1 881 452 106 89
positive\1675411847.2779908.jpg 1 664 220 58 158
positive\1675411850.5477228.jpg 3 637 210 65 90 18 207 41 57 154 396 100 107
positive\1675411852.3685517.jpg 2 668 278 53 90 644 396 71 103
positive\1675411853.5695117.jpg 0
positive\1675411854.856131.jpg 0
positive\1675411856.289948.jpg 3 272 60 81 101 818 420 62 96 729 457 87 106
positive\1675411858.9541297.jpg 4 679 187 84 92 259 1 68 44 209 699 137 82 20 757 155 49
positive\1675411860.666482.jpg 2 499 232 77 89 934 385 90 97
positive\1675411866.8216152.jpg 4 719 174 70 88 627 63 46 58 689 89 43 60 1368 51 31 56
positive\1675411868.453212.jpg 2 466 332 68 96 614 114 49 70
positive\1675411941.3104243.jpg 3 276 196 71 105 630 45 34 35 1268 181 75 98
positive\1675411944.3154144.jpg 2 506 275 78 91 1261 185 87 92
positive\1675411945.3383915.jpg 1 1200 136 77 90
positive\1675411946.9576612.jpg 1 711 207 67 93
positive\1675411948.3686244.jpg 1 803 201 77 89
positive\1675411956.646135.jpg 1 723 185 35 60
positive\1675411959.1778874.jpg 2 740 212 38 71 76 202 73 49
positive\1675411961.4121668.jpg 4 784 227 55 67 1093 348 95 117 1198 203 38 50 939 194 20 41
positive\1675411965.7197297.jpg 3 815 157 49 57 477 148 19 55 573 346 98 100
positive\1675411967.0616848.jpg 2 777 300 66 60 680 360 64 122
positive\1675411969.4640229.jpg 2 522 346 77 87 600 470 98 77
positive\1675411972.9345934.jpg 1 671 407 68 80
positive\1675411976.9819784.jpg 2 460 405 75 123 1047 156 59 68
positive\1675411979.754067.jpg 2 584 223 68 65 1356 173 32 34
positive\1675411981.4157252.jpg 1 728 252 68 57
positive\1675411983.022785.jpg 2 730 177 37 50 601 209 32 48
positive\1675411984.877846.jpg 3 684 151 35 60 526 199 44 65 1059 115 35 29
positive\1675411987.7408342.jpg 2 1096 254 58 98 1160 218 55 73
positive\1675411989.20937.jpg 1 1218 323 117 131
positive\1675411991.065494.jpg 2 823 162 61 91 972 58 46 69
positive\1675411992.3301063.jpg 1 490 113 43 77
positive\1675411993.3301013.jpg 4 952 115 38 41 1129 58 29 39 621 178 31 63 500 332 63 84
positive\1675411994.6436663.jpg 5 692 87 34 45 852 8 22 40 1040 45 32 48 662 391 57 81 455 276 73 73
positive\1675411995.7601776.jpg 2 1027 40 65 65 525 336 76 112
positive\1675412013.5855958.jpg 1 946 329 99 92
positive\1675412017.4210312.jpg 1 815 381 91 136
positive\1675412026.911444.jpg 2 770 192 69 90 1356 161 49 67
positive\1675412028.827254.jpg 2 687 204 55 75 1138 142 42 72
positive\1675412030.5058765.jpg 1 884 118 72 92
positive\1675412032.4260688.jpg 2 576 199 70 78 37 234 85 99
positive\1675412035.1749525.jpg 3 700 126 58 59 1215 292 57 96 172 201 37 86
positive\1675412046.4228206.jpg 5 703 59 48 48 925 7 20 20 868 70 52 70 1067 55 40 69 493 123 26 25
positive\1675412049.7284927.jpg 3 299 114 46 47 1072 147 38 53 1059 60 40 42
positive\1675412052.9951167.jpg 5 496 229 61 77 320 87 43 59 684 43 16 34 1012 101 48 52 1059 59 37 33
positive\1675412054.442912.jpg 3 349 294 61 78 973 68 50 59 1022 0 41 40
positive\1675412055.682466.jpg 3 797 173 47 70 1120 152 61 84 210 250 65 71
positive\1675412057.3026893.jpg 4 611 148 33 67 327 79 35 35 379 69 32 35 1157 103 27 31
positive\1675412065.646579.jpg 2 425 10 26 37 542 2 29 26
positive\1675412069.6385455.jpg 1 918 211 58 77
positive\1675412070.9977734.jpg 0
positive\1675412081.4822857.jpg 5 696 178 35 63 514 90 28 43 348 97 37 36 969 67 43 48 1053 146 63 60
