positive/Platform010000.jpg 2 356 243 50 77 414 308 100 131
positive/Platform010001.jpg 1 1339 305 93 155
positive/Platform010002.jpg 1 1005 470 112 218
positive/Platform010003.jpg 3 774 502 80 111 558 53 21 56 1396 2 40 50
positive/Platform010004.jpg 5 619 370 139 169 732 187 114 130 1361 42 66 81 1719 80 44 75 1617 658 159 133
positive/Platform010005.jpg 8 706 468 124 174 927 519 103 202 287 368 121 170 522 367 73 153 897 150 52 90 850 146 43 80 101 366 76 151 175 379 64 170
positive/Platform010006.jpg 5 1345 71 83 100 395 171 76 111 535 40 78 99 50 15 66 85 818 275 90 130
positive/Platform010007.jpg 4 1000 467 138 226 733 453 103 201 1636 328 78 60 1498 327 43 53
positive/Platform010008.jpg 5 457 165 43 53 652 196 71 71 1365 167 36 57 851 282 114 97 1100 185 48 54
positive/Platform010009.jpg 3 1318 408 146 182 430 100 50 81 96 207 103 101
positive/Platform010010.jpg 3 1415 185 47 88 616 156 61 75 701 473 100 177
positive/Platform010011.jpg 2 491 97 88 111 1261 329 86 119
positive/Platform010012.jpg 4 1401 295 121 139 310 287 108 138 425 159 68 63 161 133 48 56
positive/Platform010013.jpg 3 582 67 64 65 425 173 90 99 901 222 107 112
positive/Platform010014.jpg 2 381 334 125 146 1029 261 91 113
positive/Platform010015.jpg 5 1387 286 86 92 1105 315 95 121 795 205 44 61 686 180 32 42 1171 220 48 63
positive/Platform010016.jpg 2 808 277 88 114 534 220 76 90
positive/Platform010017.jpg 4 873 255 111 128 679 191 57 74 462 353 150 157 1062 147 43 58
positive/Platform010018.jpg 1 705 298 77 132
positive/Platform010019.jpg 4 867 273 76 124 340 152 88 91 73 101 63 70 1717 45 42 48
positive/Platform010020.jpg 4 881 268 105 125 1085 61 45 55 1077 43 22 45 877 104 80 86
positive/Platform010021.jpg 3 621 285 95 122 1072 63 68 82 1593 29 67 72
positive/Platform010022.jpg 3 587 297 71 139 758 100 69 82 810 88 64 81
positive/Platform010023.jpg 4 990 308 88 130 695 127 78 89 657 86 70 72 109 216 71 111
positive/Platform010024.jpg 5 640 396 180 180 1315 1 36 83 758 0 71 79 988 497 103 164 948 438 52 129
positive/Platform010025.jpg 7 560 61 60 66 738 18 51 54 946 14 30 47 896 50 29 54 759 286 116 115 874 276 60 118 920 278 52 112
positive/Platform010026.jpg 4 242 140 79 90 636 19 49 50 873 281 76 88 841 229 59 88
positive/Platform010027.jpg 4 582 440 82 155 508 441 74 150 481 396 82 127 415 7 44 54
positive/Platform010028.jpg 1 879 242 116 153
positive/Platform010029.jpg 3 933 274 97 128 735 179 77 93 1721 169 61 76
positive/Platform010030.jpg 1 841 240 94 127
positive/Platform010031.jpg 2 535 371 109 159 317 155 65 98
positive/Platform010032.jpg 2 1477 311 67 75 1591 305 50 56
positive/Platform010033.jpg 1 1197 190 70 119
positive/Platform010034.jpg 4 337 388 126 113 927 333 87 102 821 152 64 85 1169 117 52 62
positive/Platform010035.jpg 4 778 289 57 71 104 362 71 130 749 475 96 159 898 513 93 172
positive/Platform010036.jpg 2 599 385 86 147 1119 34 46 61
positive/Platform010037.jpg 0
positive/Platform010038.jpg 1 995 474 127 206
positive/Platform010039.jpg 4 701 468 116 171 972 308 63 76 601 277 31 48 376 248 37 43
positive/Platform010040.jpg 2 617 441 215 331 1246 340 72 111
positive/Platform010041.jpg 2 168 391 86 107 833 506 180 197
positive/Platform010042.jpg 1 993 475 124 200
positive/Platform010043.jpg 1 889 540 96 133
positive/Platform010044.jpg 4 1105 264 82 123 1303 110 77 83 261 121 36 57 1322 92 31 36
positive/Platform010045.jpg 6 861 274 67 109 490 139 36 72 679 161 33 60 783 167 35 57 844 169 34 37 756 165 22 54
positive/Platform010046.jpg 1 777 304 83 104
positive/Platform010047.jpg 6 1123 341 107 143 861 131 44 55 243 139 37 54 192 112 46 48 761 107 33 47 1521 121 58 55
positive/Platform010048.jpg 1 758 317 90 136
positive/Platform010049.jpg 3 286 246 109 111 1133 231 93 103 1082 184 63 80
positive/Platform010050.jpg 3 468 328 125 125 759 214 75 85 1497 255 80 90
positive/Platform010051.jpg 4 1231 338 133 135 944 158 53 86 682 6 26 47 47 307 125 125
positive/Platform010052.jpg 4 398 269 71 112 1363 206 47 95 1390 256 95 105 1150 335 88 141
positive/Platform010053.jpg 4 989 432 106 141 1441 71 64 75 1393 1 28 53 650 10 52 67
positive/Platform010054.jpg 2 222 165 63 119 1439 426 173 150
positive/Platform010055.jpg 3 1380 399 121 145 466 19 30 39 723 40 33 43
positive/Platform010056.jpg 3 1167 291 60 112 1172 95 30 46 664 164 53 66
positive/Platform010057.jpg 4 728 271 80 100 1379 84 39 53 1396 40 31 47 1645 67 15 51
positive/Platform010058.jpg 1 435 1 42 49
positive/Platform010059.jpg 3 701 268 67 104 204 6 43 53 129 1 51 40
positive/Platform010060.jpg 1 680 291 89 150
positive/Platform010061.jpg 1 759 482 87 134
positive/Platform010062.jpg 6 472 301 89 118 1312 323 78 118 1507 274 58 89 1470 184 48 50 1562 211 67 61 1250 238 80 77
positive/Platform010063.jpg 3 1328 293 89 76 549 215 55 67 258 227 58 64
positive/Platform010064.jpg 2 1532 262 74 67 1325 132 57 66
positive/Platform010065.jpg 5 106 346 93 75 1284 388 63 89 1608 55 33 55 767 479 55 91 954 174 40 62
positive/Platform010066.jpg 2 1079 294 42 79 1690 286 62 66
positive/Platform010067.jpg 3 1326 216 64 88 975 13 53 70 707 127 60 74
positive/Platform010068.jpg 2 649 434 53 83 999 405 54 88
positive/Platform010069.jpg 1 1455 348 64 63
positive/Platform010070.jpg 2 1090 107 52 68 845 693 69 91
positive/Platform010071.jpg 1 911 340 50 89
positive/Platform010072.jpg 2 1031 429 88 104 1520 546 85 108
positive/Platform010073.jpg 3 867 359 57 74 166 117 59 61 514 42 26 58
positive/Platform010074.jpg 2 549 421 75 83 867 345 44 69
positive/Platform010075.jpg 2 1160 266 63 89 1552 206 88 91
positive/Platform010076.jpg 3 1259 530 78 105 494 193 61 60 891 42 25 42
positive/Platform010077.jpg 3 742 400 80 83 1004 130 44 57 1633 83 41 55
positive/Platform010078.jpg 1 734 390 61 85
positive/Platform010079.jpg 0
positive/Platform010080.jpg 2 930 293 50 83 1274 549 60 102
positive/Platform010081.jpg 3 701 303 64 81 1301 375 50 81 1174 161 64 77
positive/Platform010082.jpg 1 560 474 118 98
positive/Platform010083.jpg 2 1504 1 70 54 799 384 73 85
positive/Platform010084.jpg 3 543 362 85 80 1558 284 84 78 1059 1 52 64
positive/Platform010085.jpg 5 643 393 66 78 597 179 58 61 475 115 72 79 477 618 85 95 190 680 112 81
positive/Platform010086.jpg 2 667 335 77 86 119 1 59 39
positive/Platform010087.jpg 2 790 413 71 86 1145 66 42 50
positive/Platform010088.jpg 2 1231 509 60 83 614 232 58 75
positive/Platform010089.jpg 3 1079 344 56 73 724 434 69 87 361 145 32 58
positive/Platform010090.jpg 3 662 353 42 78 759 498 76 87 100 192 31 54
positive/Platform010091.jpg 2 1660 85 49 58 880 408 65 69
positive/Platform010092.jpg 3 475 320 63 88 655 155 64 83 996 5 55 68
positive/Platform010093.jpg 4 696 254 63 70 362 320 67 62 336 69 43 56 270 19 36 50
positive/Platform010094.jpg 3 724 254 69 75 652 43 69 74 93 107 67 57
positive/Platform010095.jpg 2 1232 400 61 84 1689 1 46 58
positive/Platform010096.jpg 5 1391 353 90 92 1470 87 42 61 1089 171 63 67 814 65 51 58 1760 122 23 64
positive/Platform010097.jpg 5 1125 243 58 70 359 291 88 83 547 131 42 64 488 97 55 63 273 1 40 55
positive/Platform010098.jpg 4 1420 235 82 99 1563 66 54 56 734 268 51 106 241 289 76 104
positive/Platform010099.jpg 4 661 314 54 103 581 88 56 67 647 0 42 36 1020 10 52 54
positive/Platform010100.jpg 1 898 305 68 96
positive/Platform010101.jpg 1 478 256 88 98
positive/Platform010102.jpg 1 854 277 60 105
positive/Platform010103.jpg 2 847 385 61 96 558 32 33 65
positive/Platform010104.jpg 1 887 319 81 105
positive/Platform010105.jpg 1 1006 418 74 147