622 356 243 406 320 623 414 308 514 439
624 1339 305 1432 460
625 1005 470 1117 688
626 774 502 854 613 627 558 53 579 109 628 1396 2 1436 52
629 619 370 758 539 630 732 187 846 317 631 1361 42 1427 123 632 1719 80 1763 155 633 1617 658 1776 791
634 706 468 830 642 635 927 519 1030 721 636 287 368 408 538 637 522 367 595 520 638 897 150 949 240 639 850 146 893 226 640 101 366 177 517 641 175 379 239 549
642 1345 71 1428 171 643 395 171 471 282 644 535 40 613 139 645 50 15 116 100 646 818 275 908 405
647 1000 467 1138 693 648 733 453 836 654 649 1636 328 1714 388 650 1498 327 1541 380
651 457 165 500 218 652 652 196 723 267 653 1365 167 1401 224 654 851 282 965 379 655 1100 185 1148 239
656 1318 408 1464 590 657 430 100 480 181 658 96 207 199 308
659 1415 185 1462 273 660 616 156 677 231 661 701 473 801 650
662 491 97 579 208 663 1261 329 1347 448
664 1401 295 1522 434 665 310 287 418 425 666 425 159 493 222 667 161 133 209 189
668 582 67 646 132 669 425 173 515 272 670 901 222 1008 334
671 381 334 506 480 672 1029 261 1120 374
673 1387 286 1473 378 674 1105 315 1200 436 675 795 205 839 266 676 686 180 718 222 677 1171 220 1219 283
678 808 277 896 391 679 534 220 610 310
680 873 255 984 383 681 679 191 736 265 682 462 353 612 510 683 1062 147 1105 205
684 705 298 782 430
685 867 273 943 397 686 340 152 428 243 687 73 101 136 171 688 1717 45 1759 93
689 881 268 986 393 690 1085 61 1130 116 691 1077 43 1099 88 692 877 104 957 190
693 621 285 716 407 694 1072 63 1140 145 695 1593 29 1660 101
696 587 297 658 436 697 758 100 827 182 698 810 88 874 169
699 990 308 1078 438 700 695 127 773 216 701 657 86 727 158 702 109 216 180 327
703 640 396 820 576 704 1315 1 1351 84 705 758 0 829 79 706 988 497 1091 661 707 948 438 1000 567
708 560 61 620 127 709 738 18 789 72 710 946 14 976 61 711 896 50 925 104 712 759 286 875 401 713 874 276 934 394 714 920 278 972 390
715 242 140 321 230 716 636 19 685 69 717 873 281 949 369 718 841 229 900 317
719 582 440 664 595 720 508 441 582 591 721 481 396 563 523 722 415 7 459 61
723 879 242 995 395
724 933 274 1030 402 725 735 179 812 272 726 1721 169 1782 245
727 841 240 935 367
728 535 371 644 530 729 317 155 382 253
730 1477 311 1544 386 731 1591 305 1641 361
732 1197 190 1267 309
733 337 388 463 501 734 927 333 1014 435 735 821 152 885 237 736 1169 117 1221 179
737 778 289 835 360 738 104 362 175 492 739 749 475 845 634 740 898 513 991 685
741 599 385 685 532 742 1119 34 1165 95
743 995 474 1122 680
744 701 468 817 639 745 972 308 1035 384 746 601 277 632 325 747 376 248 413 291
748 617 441 832 772 749 1246 340 1318 451
750 168 391 254 498 751 833 506 1013 703
752 993 475 1117 675
753 889 540 985 673
754 1105 264 1187 387 755 1303 110 1380 193 756 261 121 297 178 757 1322 92 1353 128
758 861 274 928 383 759 490 139 526 211 760 679 161 712 221 761 783 167 818 224 762 844 169 878 206 763 756 165 778 219
764 777 304 860 408
765 1123 341 1230 484 766 861 131 905 186 767 243 139 280 193 768 192 112 238 160 769 761 107 794 154 770 1521 121 1579 176
771 758 317 848 453
772 286 246 395 357 773 1133 231 1226 334 774 1082 184 1145 264
775 468 328 593 453 776 759 214 834 299 777 1497 255 1577 345
778 1231 338 1364 473 779 944 158 997 244 780 682 6 708 53 781 47 307 172 432
782 398 269 469 381 783 1363 206 1410 301 784 1390 256 1485 361 785 1150 335 1238 476
786 989 432 1095 573 787 1441 71 1505 146 788 1393 1 1421 54 789 650 10 702 77
790 222 165 285 284 791 1439 426 1612 576
792 1380 399 1501 544 793 466 19 496 58 794 723 40 756 83
795 1167 291 1227 403 796 1172 95 1202 141 797 664 164 717 230
798 728 271 808 371 799 1379 84 1418 137 800 1396 40 1427 87 801 1645 67 1660 118
802 435 1 477 50
803 701 268 768 372 804 204 6 247 59 805 129 1 180 41
806 680 291 769 441
807 759 482 846 616
808 472 301 561 419 809 1312 323 1390 441 810 1507 274 1565 363 811 1470 184 1518 234 812 1562 211 1629 272 813 1250 238 1330 315
814 1328 293 1417 369 815 549 215 604 282 816 258 227 316 291
817 1532 262 1606 329 818 1325 132 1382 198
819 106 346 199 421 820 1284 388 1347 477 821 1608 55 1641 110 822 767 479 822 570 823 954 174 994 236
824 1079 294 1121 373 825 1690 286 1752 352
826 1326 216 1390 304 827 975 13 1028 83 828 707 127 767 201
829 649 434 702 517 830 999 405 1053 493
831 1455 348 1519 411
832 1090 107 1142 175 833 845 693 914 784
834 911 340 961 429
835 1031 429 1119 533 836 1520 546 1605 654
837 867 359 924 433 838 166 117 225 178 839 514 42 540 100
840 549 421 624 504 841 867 345 911 414
842 1160 266 1223 355 843 1552 206 1640 297
844 1259 530 1337 635 845 494 193 555 253 846 891 42 916 84
847 742 400 822 483 848 1004 130 1048 187 849 1633 83 1674 138
850 734 390 795 475
851 930 293 980 376 852 1274 549 1334 651
853 701 303 765 384 854 1301 375 1351 456 855 1174 161 1238 238
856 560 474 678 572
857 1504 1 1574 55 858 799 384 872 469
859 543 362 628 442 860 1558 284 1642 362 861 1059 1 1111 65
862 643 393 709 471 863 597 179 655 240 864 475 115 547 194 865 477 618 562 713 866 190 680 302 761
867 667 335 744 421 868 119 1 178 40
869 790 413 861 499 870 1145 66 1187 116
871 1231 509 1291 592 872 614 232 672 307
873 1079 344 1135 417 874 724 434 793 521 875 361 145 393 203
876 662 353 704 431 877 759 498 835 585 878 100 192 131 246
879 1660 85 1709 143 880 880 408 945 477
881 475 320 538 408 882 655 155 719 238 883 996 5 1051 73
884 696 254 759 324 885 362 320 429 382 886 336 69 379 125 887 270 19 306 69
888 724 254 793 329 889 652 43 721 117 890 93 107 160 164
891 1232 400 1293 484 892 1689 1 1735 59
893 1391 353 1481 445 894 1470 87 1512 148 895 1089 171 1152 238 896 814 65 865 123 897 1760 122 1783 186
898 1125 243 1183 313 899 359 291 447 374 900 547 131 589 195 901 488 97 543 160 902 273 1 313 56
903 1420 235 1502 334 904 1563 66 1617 122 905 734 268 785 374 906 241 289 317 393
907 661 314 715 417 908 581 88 637 155 909 647 0 689 36 910 1020 10 1072 64
911 898 305 966 401
912 478 256 566 354
913 854 277 914 382
914 847 385 908 481 915 558 32 591 97
916 887 319 968 424
917 1006 418 1080 565
