0 796 261 919 393 1 280 27 347 107
2 581 185 665 298 3 416 94 498 184 4 1009 533 1116 692
5 374 104 444 173 6 792 181 849 262 7 718 235 787 352
8 533 28 584 92
9 674 223 813 355
10 86 151 121 209 11 753 311 809 362
12 784 203 817 258 13 751 48 779 84
14 644 201 686 256 15 959 30 987 68 16 1311 52 1340 89
17 713 192 766 288 18 927 141 960 194
19 789 141 854 221 20 1374 234 1444 340
21 438 150 513 236 22 1130 155 1188 223 23 1247 14 1278 53 24 1421 157 1474 201
25 819 237 878 319 26 389 246 466 326 27 1087 76 1109 120
28 889 125 999 243 29 699 110 771 186 30 547 128 682 295
31 484 174 602 323 32 28 170 73 232 33 676 115 701 153 34 590 143 603 173 35 1097 162 1143 247 36 998 168 1100 304
37 782 193 843 269 38 935 233 1014 331 39 455 129 503 188
40 770 142 829 249 41 1135 149 1216 248
42 569 158 629 232 43 787 315 868 413
44 754 255 816 362
45 1105 337 1182 458 46 1293 48 1339 101 47 562 6 590 50 48 636 376 723 498
49 824 361 928 473 50 686 365 758 446
51 23 323 116 418 52 691 175 747 244 53 1034 83 1056 119 54 1066 80 1093 115
55 723 197 791 295 56 354 366 538 599 57 155 135 202 201
58 610 271 731 428 59 769 253 865 401
60 696 325 778 402
61 779 166 820 232 62 799 77 823 121 63 1358 275 1431 347
64 804 213 848 277
65 623 140 699 229
66 1172 284 1211 335 67 1380 260 1408 296 68 917 318 1072 615
69 328 395 447 488 70 48 225 100 298
71 142 479 288 631 72 1144 208 1184 259 73 1236 176 1271 227
74 687 212 722 284 75 455 82 491 128
76 627 224 687 296 77 606 119 668 177
78 712 212 760 283 79 252 86 277 135
80 739 210 788 276 81 1249 137 1278 195
82 1186 266 1244 337 83 80 119 137 199
84 193 534 284 631 85 679 212 737 293
86 985 223 1047 309 87 1301 199 1373 275 88 643 92 686 146
89 50 290 110 367 90 896 223 954 292
91 724 203 776 271 92 214 104 242 151
93 588 223 636 300 94 1012 68 1046 119
95 780 212 830 273 96 1021 149 1053 202
97 780 145 807 180 98 157 285 199 343
99 503 144 561 213 100 781 50 813 91
101 791 203 854 290 102 199 165 229 213
103 506 35 539 96 104 1154 172 1220 232
105 914 241 964 306 106 218 324 263 406
107 487 240 550 361 108 1005 242 1070 363
109 504 176 531 227
110 670 194 708 239 111 158 137 185 172 112 1 194 29 244
113 45 183 79 241 114 104 150 140 194 115 613 173 660 224 116 580 140 614 177 117 1180 248 1248 331 118 1193 152 1211 195 119 870 155 888 192 120 900 143 918 177
121 319 207 366 281 122 545 144 576 194 123 631 124 662 166 124 817 159 855 209 125 999 136 1021 173 126 1128 152 1151 202
127 112 205 174 268 128 540 247 578 332 129 531 194 580 247 130 1128 201 1176 259 131 1358 187 1405 236 132 1430 235 1483 311
133 638 223 667 281 134 314 135 353 185 135 626 114 669 161 136 944 125 992 170 137 1037 194 1083 250 138 1321 107 1367 149
139 131 392 192 478 140 444 243 490 305 141 141 197 193 251 142 478 106 513 154 143 803 144 825 187 144 867 121 896 164
145 282 161 328 219 146 378 259 420 327 147 701 276 751 343 148 686 141 724 193 149 1011 190 1046 240 150 1142 171 1186 222
151 1244 264 1299 345 152 1009 179 1068 245 153 682 150 731 203 154 651 246 690 324 155 473 122 504 169 156 295 120 331 156 157 58 197 104 251
158 1028 205 1078 286 159 1241 149 1296 211 160 838 133 884 186 161 543 117 575 161 162 324 113 364 155 163 239 189 284 237
164 460 231 522 339 165 1213 195 1265 280 166 197 159 243 229
167 863 172 972 321 168 388 137 423 187 169 405 169 442 234 170 289 134 319 176 171 859 137 894 183
172 884 170 932 265 173 527 134 560 175 174 857 135 885 187 175 407 164 443 245 176 419 135 448 159
177 642 170 686 250 178 765 135 806 187 179 465 133 496 183 180 367 138 398 194 181 1265 141 1327 263
182 797 168 829 222 183 1205 179 1250 231 184 984 22 1029 68 185 524 109 553 157 186 554 1 588 36 187 265 38 300 88
188 516 164 554 223 189 457 56 491 102 190 693 51 733 95 191 850 88 889 139 192 1124 252 1160 317 193 1349 105 1401 158
194 813 239 855 297 195 1062 150 1101 199 196 1330 208 1389 266 197 754 129 792 172
198 591 249 637 313 199 594 160 632 208 200 975 132 1014 175 201 1211 232 1244 288 202 1343 155 1377 196
203 737 128 764 175 204 1292 288 1336 353
205 1002 150 1039 198 206 501 139 547 190 207 378 156 403 184
208 505 189 564 259 209 408 128 433 179 210 1160 186 1216 257
211 437 206 491 265 212 997 245 1045 320 213 577 155 608 198 214 621 153 650 185 215 854 119 871 142
216 371 326 432 412 217 59 178 94 225 218 190 140 230 173 219 509 75 531 102 220 381 82 400 112 221 1154 64 1174 102 222 1186 90 1228 127
223 354 261 442 364
224 724 203 801 308 225 1131 30 1181 103
226 826 226 900 329
227 802 228 888 333
228 769 228 847 329
229 677 399 751 492
230 493 91 529 133 231 345 227 376 263 232 807 124 862 187 233 938 118 991 177 234 1018 14 1042 48
235 920 179 987 271 236 504 108 528 143 237 142 167 179 206
238 654 243 705 297 239 1226 116 1299 200
240 743 145 802 204 241 542 90 588 138 242 1361 101 1398 168
243 88 343 158 434 244 626 199 669 248 245 1100 183 1162 264 246 1022 167 1068 227 247 1323 76 1355 137
248 799 189 849 271 249 803 154 861 190 250 1128 103 1166 142 251 1193 110 1218 147
252 1088 240 1137 342 253 1228 209 1285 298 254 743 178 769 223 255 833 171 856 205 256 424 195 466 242
257 660 363 705 460 258 1033 194 1105 280 259 1346 181 1438 264
260 1010 333 1076 422 261 682 87 718 143
262 490 178 544 238 263 724 243 773 305 264 1028 184 1096 254
265 64 368 122 438 266 361 192 416 250 267 628 186 667 243 268 748 100 777 146 269 879 67 918 108 270 822 8 842 40 271 486 56 511 91 272 572 52 586 84 273 399 50 431 75 274 221 109 251 147 275 1164 545 1219 643
276 13 416 126 505 277 601 222 636 286 278 1015 266 1081 340 279 1176 358 1226 406 280 1373 124 1423 172
281 1045 232 1100 290 282 819 142 848 183 283 916 124 941 165 284 1148 122 1170 159 285 1314 126 1336 163 286 605 322 656 397 287 394 316 455 388 288 317 146 357 188 289 331 191 362 234
290 29 333 84 406 291 262 227 332 289 292 439 2 465 41 293 706 2 745 27
294 606 181 662 247 295 622 41 663 97 296 324 57 367 126
297 431 198 485 264 298 302 15 344 73 299 0 275 43 355 300 859 227 918 295 301 1068 325 1145 391 302 1137 461 1228 529
303 1116 447 1180 532 304 966 289 1031 357 305 563 227 618 303 306 190 165 248 246
307 396 269 454 334 308 348 2 402 50 309 571 406 654 480 310 889 340 928 415
311 333 316 393 383 312 350 3 402 49 313 856 359 929 417 314 872 568 919 640
315 357 446 409 525 316 624 130 665 192 317 888 168 957 239 318 827 246 896 307 319 1218 467 1269 534 320 1309 20 1364 73
321 540 230 576 302 322 663 84 710 137 323 858 256 896 328 324 1184 384 1244 463 325 1032 246 1090 308 326 1089 249 1157 319
327 178 407 230 483 328 340 241 375 304 329 868 221 911 285 330 1157 238 1218 310 331 524 389 569 452 332 591 306 637 367
333 460 230 532 292 334 616 204 666 261 335 490 401 569 481 336 574 453 630 533 337 942 413 1002 486 338 1172 577 1245 693
339 822 241 871 293 340 534 153 596 205 341 517 204 594 265 342 433 254 490 315 343 517 342 569 410 344 523 498 591 563 345 147 696 216 780
346 346 86 396 144 347 595 194 645 252 348 771 196 806 260 349 663 232 705 277 350 625 276 677 340
351 318 306 376 370 352 904 264 967 326 353 1115 499 1183 556 354 1232 390 1292 461 355 1308 387 1375 425 356 1282 424 1363 484
357 711 135 754 191 358 487 23 524 69 359 969 474 1050 553 360 934 385 995 464 361 1114 319 1163 392 362 1146 354 1199 412 363 1233 330 1295 395 364 1294 314 1341 387
365 337 501 404 584 366 775 202 815 259 367 991 296 1049 361 368 967 235 1022 293 369 1470 244 1511 320
370 724 203 775 262 371 887 221 946 277 372 1275 73 1344 134 373 669 396 702 456 374 797 409 843 475
375 76 224 122 276 376 654 193 701 246 377 1124 208 1154 248 378 1110 282 1145 331 379 1377 288 1414 352 380 1199 289 1250 347
381 1207 319 1258 379 382 1334 228 1376 277 383 1339 168 1376 210 384 655 151 690 192 385 186 501 295 598 386 1480 463 1526 508 387 544 68 576 100 388 604 54 622 85
389 434 233 502 304 390 363 57 404 106 391 1228 135 1272 192 392 1209 39 1236 84 393 1263 62 1294 107 394 1280 226 1334 291 395 1303 401 1382 486 396 1135 671 1225 794
397 1119 226 1160 290 398 1297 173 1357 237 399 1098 3 1129 43 400 286 242 321 307 401 322 197 379 249 402 400 69 430 113 403 589 85 610 126 404 517 171 547 224 405 804 87 821 127
406 707 108 759 166 407 529 393 573 456 408 1268 103 1322 165
409 464 158 507 217 410 367 303 442 375 411 1043 230 1098 306
412 956 216 1019 284 413 239 297 294 365 414 439 61 465 100 415 904 67 929 103 416 814 153 855 189 417 884 98 903 142
418 340 63 381 105 419 306 442 375 541 420 867 171 907 219 421 907 93 932 129 422 1238 127 1278 173 423 1067 328 1120 387 424 1077 287 1128 332 425 1080 189 1116 228
426 658 181 717 254 427 401 92 453 143 428 707 46 737 90
429 908 201 975 269
430 1007 232 1059 285 431 869 119 902 160
432 695 216 750 281 433 1293 262 1370 341
434 736 197 770 251 435 423 20 456 60 436 1207 385 1270 461
437 834 241 862 300 438 719 59 749 102 439 704 116 746 166
440 1167 370 1224 444 441 923 37 972 100 442 779 1 808 35
443 585 117 655 200 444 972 101 1034 192
445 1026 293 1096 384 446 804 151 843 214 447 604 362 650 433
448 845 122 893 179
449 295 215 347 296 450 0 494 76 576 451 530 137 590 199 452 526 95 569 144
453 821 121 852 177 454 553 71 593 121
455 664 295 714 363 456 441 127 475 175
457 774 123 799 170 458 1000 84 1027 120 459 212 223 252 273 460 327 205 351 250
461 793 121 819 167 462 564 51 601 90 463 1094 57 1126 100 464 373 612 463 716 465 694 440 781 501
466 673 419 744 504
467 679 436 738 510 468 741 456 837 530
469 682 428 731 498 470 736 458 833 531
471 620 431 739 510 472 672 348 718 425
473 643 370 736 491 474 707 278 805 385 475 1365 118 1503 241
476 1253 84 1368 203 477 712 273 788 346 478 661 326 709 440
479 634 197 715 304 480 881 292 986 424 481 439 372 547 530 482 597 355 721 533
483 589 224 701 366 484 572 355 685 526
485 650 257 734 344 486 667 337 741 404
487 1371 103 1449 185 488 401 285 463 371 489 517 327 604 430 490 466 342 525 425
491 676 476 756 526 492 651 390 731 474
493 1047 34 1125 111 494 667 417 796 564
495 576 444 651 560
496 552 392 617 494
497 651 266 759 364
498 870 274 1004 401
499 866 270 956 399
500 562 353 659 467
501 518 414 626 539
502 606 441 699 597
503 859 454 956 604
504 827 395 870 445 505 931 382 967 420 506 867 431 987 589
507 881 452 987 541
508 664 220 722 378
509 637 210 702 300 510 18 207 59 264 511 154 396 254 503
512 668 278 721 368 513 644 396 715 499
514 272 60 353 161 515 818 420 880 516 516 729 457 816 563
517 679 187 763 279 518 259 1 327 45 519 209 699 346 781 520 20 757 175 806
521 499 232 576 321 522 934 385 1024 482
523 719 174 789 262 524 627 63 673 121 525 689 89 732 149 526 1368 51 1399 107
527 466 332 534 428 528 614 114 663 184
529 276 196 347 301 530 630 45 664 80 531 1268 181 1343 279
532 506 275 584 366 533 1261 185 1348 277
534 1200 136 1277 226
535 711 207 778 300
536 803 201 880 290
537 723 185 758 245
538 740 212 778 283 539 76 202 149 251
540 784 227 839 294 541 1093 348 1188 465 542 1198 203 1236 253 543 939 194 959 235
544 815 157 864 214 545 477 148 496 203 546 573 346 671 446
547 777 300 843 360 548 680 360 744 482
549 522 346 599 433 550 600 470 698 547
551 671 407 739 487
552 460 405 535 528 553 1047 156 1106 224
554 584 223 652 288 555 1356 173 1388 207
556 728 252 796 309
557 730 177 767 227 558 601 209 633 257
559 684 151 719 211 560 526 199 570 264 561 1059 115 1094 144
562 1096 254 1154 352 563 1160 218 1215 291
564 1218 323 1335 454
565 823 162 884 253 566 972 58 1018 127
567 490 113 533 190
568 952 115 990 156 569 1129 58 1158 97 570 621 178 652 241 571 500 332 563 416
572 692 87 726 132 573 852 8 874 48 574 1040 45 1072 93 575 662 391 719 472 576 455 276 528 349
577 1027 40 1092 105 578 525 336 601 448
579 946 329 1045 421
580 815 381 906 517
581 770 192 839 282 582 1356 161 1405 228
583 687 204 742 279 584 1138 142 1180 214
585 884 118 956 210
586 576 199 646 277 587 37 234 122 333
588 700 126 758 185 589 1215 292 1272 388 590 172 201 209 287
591 703 59 751 107 592 925 7 945 27 593 868 70 920 140 594 1067 55 1107 124 595 493 123 519 148
596 299 114 345 161 597 1072 147 1110 200 598 1059 60 1099 102
599 496 229 557 306 600 320 87 363 146 601 684 43 700 77 602 1012 101 1060 153 603 1059 59 1096 92
604 349 294 410 372 605 973 68 1023 127 606 1022 0 1063 40
607 797 173 844 243 608 1120 152 1181 236 609 210 250 275 321
610 611 148 644 215 611 327 79 362 114 612 379 69 411 104 613 1157 103 1184 134
614 425 10 451 47 615 542 2 571 28
616 918 211 976 288
617 696 178 731 241 618 514 90 542 133 619 348 97 385 133 620 969 67 1012 115 621 1053 146 1116 206
622 356 243 406 320 623 414 308 514 439
624 1339 305 1432 460
625 1005 470 1117 688
626 774 502 854 613 627 558 53 579 109 628 1396 2 1436 52
629 619 370 758 539 630 732 187 846 317 631 1361 42 1427 123 632 1719 80 1763 155 633 1617 658 1776 791
634 706 468 830 642 635 927 519 1030 721 636 287 368 408 538 637 522 367 595 520 638 897 150 949 240 639 850 146 893 226 640 101 366 177 517 641 175 379 239 549
642 1345 71 1428 171 643 395 171 471 282 644 535 40 613 139 645 50 15 116 100 646 818 275 908 405
647 1000 467 1138 693 648 733 453 836 654 649 1636 328 1714 388 650 1498 327 1541 380
651 457 165 500 218 652 652 196 723 267 653 1365 167 1401 224 654 851 282 965 379 655 1100 185 1148 239
656 1318 408 1464 590 657 430 100 480 181 658 96 207 199 308
659 1415 185 1462 273 660 616 156 677 231 661 701 473 801 650
662 491 97 579 208 663 1261 329 1347 448
664 1401 295 1522 434 665 310 287 418 425 666 425 159 493 222 667 161 133 209 189
668 582 67 646 132 669 425 173 515 272 670 901 222 1008 334
671 381 334 506 480 672 1029 261 1120 374
673 1387 286 1473 378 674 1105 315 1200 436 675 795 205 839 266 676 686 180 718 222 677 1171 220 1219 283
678 808 277 896 391 679 534 220 610 310
680 873 255 984 383 681 679 191 736 265 682 462 353 612 510 683 1062 147 1105 205
684 705 298 782 430
685 867 273 943 397 686 340 152 428 243 687 73 101 136 171 688 1717 45 1759 93
689 881 268 986 393 690 1085 61 1130 116 691 1077 43 1099 88 692 877 104 957 190
693 621 285 716 407 694 1072 63 1140 145 695 1593 29 1660 101
696 587 297 658 436 697 758 100 827 182 698 810 88 874 169
699 990 308 1078 438 700 695 127 773 216 701 657 86 727 158 702 109 216 180 327
703 640 396 820 576 704 1315 1 1351 84 705 758 0 829 79 706 988 497 1091 661 707 948 438 1000 567
708 560 61 620 127 709 738 18 789 72 710 946 14 976 61 711 896 50 925 104 712 759 286 875 401 713 874 276 934 394 714 920 278 972 390
715 242 140 321 230 716 636 19 685 69 717 873 281 949 369 718 841 229 900 317
719 582 440 664 595 720 508 441 582 591 721 481 396 563 523 722 415 7 459 61
723 879 242 995 395
724 933 274 1030 402 725 735 179 812 272 726 1721 169 1782 245
727 841 240 935 367
728 535 371 644 530 729 317 155 382 253
730 1477 311 1544 386 731 1591 305 1641 361
732 1197 190 1267 309
733 337 388 463 501 734 927 333 1014 435 735 821 152 885 237 736 1169 117 1221 179
737 778 289 835 360 738 104 362 175 492 739 749 475 845 634 740 898 513 991 685
741 599 385 685 532 742 1119 34 1165 95
743 995 474 1122 680
744 701 468 817 639 745 972 308 1035 384 746 601 277 632 325 747 376 248 413 291
748 617 441 832 772 749 1246 340 1318 451
750 168 391 254 498 751 833 506 1013 703
752 993 475 1117 675
753 889 540 985 673
754 1105 264 1187 387 755 1303 110 1380 193 756 261 121 297 178 757 1322 92 1353 128
758 861 274 928 383 759 490 139 526 211 760 679 161 712 221 761 783 167 818 224 762 844 169 878 206 763 756 165 778 219
764 777 304 860 408
765 1123 341 1230 484 766 861 131 905 186 767 243 139 280 193 768 192 112 238 160 769 761 107 794 154 770 1521 121 1579 176
771 758 317 848 453
772 286 246 395 357 773 1133 231 1226 334 774 1082 184 1145 264
775 468 328 593 453 776 759 214 834 299 777 1497 255 1577 345
778 1231 338 1364 473 779 944 158 997 244 780 682 6 708 53 781 47 307 172 432
782 398 269 469 381 783 1363 206 1410 301 784 1390 256 1485 361 785 1150 335 1238 476
786 989 432 1095 573 787 1441 71 1505 146 788 1393 1 1421 54 789 650 10 702 77
790 222 165 285 284 791 1439 426 1612 576
792 1380 399 1501 544 793 466 19 496 58 794 723 40 756 83
795 1167 291 1227 403 796 1172 95 1202 141 797 664 164 717 230
798 728 271 808 371 799 1379 84 1418 137 800 1396 40 1427 87 801 1645 67 1660 118
802 435 1 477 50
803 701 268 768 372 804 204 6 247 59 805 129 1 180 41
806 680 291 769 441
807 759 482 846 616
808 472 301 561 419 809 1312 323 1390 441 810 1507 274 1565 363 811 1470 184 1518 234 812 1562 211 1629 272 813 1250 238 1330 315
814 1328 293 1417 369 815 549 215 604 282 816 258 227 316 291
817 1532 262 1606 329 818 1325 132 1382 198
819 106 346 199 421 820 1284 388 1347 477 821 1608 55 1641 110 822 767 479 822 570 823 954 174 994 236
824 1079 294 1121 373 825 1690 286 1752 352
826 1326 216 1390 304 827 975 13 1028 83 828 707 127 767 201
829 649 434 702 517 830 999 405 1053 493
831 1455 348 1519 411
832 1090 107 1142 175 833 845 693 914 784
834 911 340 961 429
835 1031 429 1119 533 836 1520 546 1605 654
837 867 359 924 433 838 166 117 225 178 839 514 42 540 100
840 549 421 624 504 841 867 345 911 414
842 1160 266 1223 355 843 1552 206 1640 297
844 1259 530 1337 635 845 494 193 555 253 846 891 42 916 84
847 742 400 822 483 848 1004 130 1048 187 849 1633 83 1674 138
850 734 390 795 475
851 930 293 980 376 852 1274 549 1334 651
853 701 303 765 384 854 1301 375 1351 456 855 1174 161 1238 238
856 560 474 678 572
857 1504 1 1574 55 858 799 384 872 469
859 543 362 628 442 860 1558 284 1642 362 861 1059 1 1111 65
862 643 393 709 471 863 597 179 655 240 864 475 115 547 194 865 477 618 562 713 866 190 680 302 761
867 667 335 744 421 868 119 1 178 40
869 790 413 861 499 870 1145 66 1187 116
871 1231 509 1291 592 872 614 232 672 307
873 1079 344 1135 417 874 724 434 793 521 875 361 145 393 203
876 662 353 704 431 877 759 498 835 585 878 100 192 131 246
879 1660 85 1709 143 880 880 408 945 477
881 475 320 538 408 882 655 155 719 238 883 996 5 1051 73
884 696 254 759 324 885 362 320 429 382 886 336 69 379 125 887 270 19 306 69
888 724 254 793 329 889 652 43 721 117 890 93 107 160 164
891 1232 400 1293 484 892 1689 1 1735 59
893 1391 353 1481 445 894 1470 87 1512 148 895 1089 171 1152 238 896 814 65 865 123 897 1760 122 1783 186
898 1125 243 1183 313 899 359 291 447 374 900 547 131 589 195 901 488 97 543 160 902 273 1 313 56
903 1420 235 1502 334 904 1563 66 1617 122 905 734 268 785 374 906 241 289 317 393
907 661 314 715 417 908 581 88 637 155 909 647 0 689 36 910 1020 10 1072 64
911 898 305 966 401
912 478 256 566 354
913 854 277 914 382
914 847 385 908 481 915 558 32 591 97
916 887 319 968 424
917 1006 418 1080 565