0 0.09615384615384616 0.09615384615384616 0.037259615384615384 0.0673076923076923
0 0.3317307692307692 0.0985576923076923 0.03365384615384615 0.0625
0 0.5048076923076923 0.35336538461538464 0.03365384615384615 0.037259615384615384
0 0.8677884615384616 0.38221153846153844 0.028846153846153848 0.04807692307692308
0 0.5889423076923077 0.31490384615384615 0.019230769230769232 0.026442307692307692
0 0.6177884615384616 0.31009615384615385 0.016826923076923076 0.019230769230769232
0 0.7644230769230769 0.28365384615384615 0.009615384615384616 0.014423076923076924
0 0.14903846153846154 0.5649038461538461 0.038461538461538464 0.054086538461538464
0 0.23076923076923078 0.5961538461538461 0.055288461538461536 0.06490384615384616
0 0.18990384615384615 0.6009615384615384 0.036057692307692304 0.052884615384615384
0 0.4230769230769231 0.7572115384615384 0.04807692307692308 0.052884615384615384