0 0.08653846153846154 0.22596153846153846 0.0733173076923077 0.09615384615384616
0 0.18028846153846154 0.15144230769230768 0.014423076923076924 0.02403846153846154
0 0.1201923076923077 0.16826923076923078 0.006009615384615385 0.019230769230769232
0 0.46153846153846156 0.1971153846153846 0.028846153846153848 0.052884615384615384
0 0.41346153846153844 0.21875 0.06370192307692307 0.08653846153846154
0 0.7259615384615384 0.006009615384615385 0.02403846153846154 0.01201923076923077
0 0.8581730769230769 0.10336538461538461 0.03365384615384615 0.03485576923076923
0 0.8653846153846154 0.07211538461538461 0.03125 0.028846153846153848
0 0.8617788461538461 0.008413461538461538 0.021634615384615384 0.016826923076923076
0 0.25240384615384615 0.6346153846153846 0.057692307692307696 0.07692307692307693
0 0.8557692307692307 0.8365384615384616 0.04927884615384615 0.0673076923076923
0 0.7367788461538461 0.9579326923076923 0.06971153846153846 0.08413461538461539
0 0.8449519230769231 0.9519230769230769 0.07932692307692307 0.09615384615384616