0 0.19591346153846154 0.2548076923076923 0.007211538461538462 0.028846153846153848
0 0.3629807692307692 0.375 0.028846153846153848 0.038461538461538464
0 0.38221153846153844 0.28125 0.021634615384615384 0.028846153846153848
0 0.5889423076923077 0.30528846153846156 0.01201923076923077 0.026442307692307692
0 0.6322115384615384 0.28846153846153844 0.016826923076923076 0.026442307692307692
0 0.027644230769230768 0.5745192307692307 0.055288461538461536 0.03365384615384615
0 0.8293269230769231 0.7091346153846154 0.03245192307692308 0.06370192307692307
0 0.9206730769230769 0.6826923076923077 0.03485576923076923 0.057692307692307696
0 0.5961538461538461 0.6490384615384616 0.016826923076923076 0.028846153846153848
0 0.6538461538461539 0.6418269230769231 0.014423076923076924 0.021634615384615384
0 0.3942307692307692 0.6610576923076923 0.026442307692307692 0.028846153846153848