0 0.4699519230769231 0.020432692307692308 0.05048076923076923 0.040865384615384616
0 0.9495192307692307 0.16346153846153846 0.030048076923076924 0.04927884615384615
0 0.8269230769230769 0.10817307692307693 0.028846153846153848 0.03365384615384615
0 0.6298076923076923 0.09615384615384616 0.019230769230769232 0.027644230769230768
0 0.5793269230769231 0.7355769230769231 0.028846153846153848 0.06129807692307692
0 0.34375 0.6947115384615384 0.019230769230769232 0.027644230769230768
0 0.5552884615384616 0.6971153846153846 0.015625 0.03365384615384615
0 0.2668269230769231 0.7259615384615384 0.02283653846153846 0.051682692307692304
0 0.27163461538461536 0.6899038461538461 0.015625 0.014423076923076924
0 0.9495192307692307 0.5432692307692307 0.028846153846153848 0.06129807692307692
0 0.7139423076923077 0.5024038461538461 0.019230769230769232 0.027644230769230768
0 0.9254807692307693 0.5048076923076923 0.015625 0.03365384615384615
0 0.6370192307692307 0.5336538461538461 0.02283653846153846 0.051682692307692304
0 0.6418269230769231 0.49759615384615385 0.015625 0.014423076923076924