0 0.3076923076923077 0.021634615384615384 0.020432692307692308 0.027644230769230768
0 0.2091346153846154 0.10817307692307693 0.019230769230769232 0.020432692307692308
0 0.8798076923076923 0.38221153846153844 0.03245192307692308 0.06370192307692307
0 0.9711538461538461 0.3557692307692308 0.03485576923076923 0.057692307692307696
0 0.6466346153846154 0.32211538461538464 0.018028846153846152 0.028846153846153848
0 0.7043269230769231 0.31490384615384615 0.014423076923076924 0.02283653846153846
0 0.31009615384615385 0.7932692307692307 0.037259615384615384 0.04326923076923077
0 0.23798076923076922 0.7451923076923077 0.014423076923076924 0.03245192307692308
0 0.7463942307692307 0.5745192307692307 0.06490384615384616 0.03365384615384615
0 0.796875 0.5721153846153846 0.03125 0.028846153846153848
0 0.8197115384615384 0.5721153846153846 0.028846153846153848 0.028846153846153848