0 0.28125 0.16346153846153846 0.056490384615384616 0.0673076923076923
0 0.7379807692307693 0.3701923076923077 0.02403846153846154 0.036057692307692304
0 0.8846153846153846 0.43509615384615385 0.036057692307692304 0.040865384615384616
0 0.8677884615384616 0.3918269230769231 0.03365384615384615 0.036057692307692304
0 0.003605769230769231 0.7247596153846154 0.007211538461538462 0.036057692307692304
0 0.17548076923076922 0.9543269230769231 0.05048076923076923 0.05048076923076923
0 0.1466346153846154 0.8966346153846154 0.038461538461538464 0.05048076923076923
0 0.25961538461538464 0.8509615384615384 0.03125 0.04567307692307692
0 0.28125 0.8677884615384616 0.03365384615384615 0.036057692307692304
0 0.3389423076923077 0.8557692307692307 0.038461538461538464 0.040865384615384616
0 0.375 0.8485576923076923 0.028846153846153848 0.04567307692307692
0 0.6370192307692307 0.6081730769230769 0.039663461538461536 0.04807692307692308