0 0.23317307692307693 0.23076923076923078 0.039663461538461536 0.054086538461538464
0 0.6586538461538461 0.028846153846153848 0.052884615384615384 0.057692307692307696
0 0.007211538461538462 0.46033653846153844 0.014423076923076924 0.036057692307692304
0 0.07692307692307693 0.4014423076923077 0.016826923076923076 0.028846153846153848
0 0.1658653846153846 0.3798076923076923 0.02403846153846154 0.026442307692307692
0 0.12259615384615384 0.33653846153846156 0.01201923076923077 0.019230769230769232
0 0.3557692307692308 0.7067307692307693 0.03365384615384615 0.0625
0 0.4567307692307692 0.6875 0.02403846153846154 0.052884615384615384
0 0.4543269230769231 0.6442307692307693 0.03125 0.03365384615384615
0 0.8413461538461539 0.6490384615384616 0.028846153846153848 0.036057692307692304
0 0.9879807692307693 0.6358173076923077 0.02403846153846154 0.03125