0 0.15985576923076922 0.44711538461538464 0.06009615384615385 0.0625
0 0.20432692307692307 0.3918269230769231 0.0625 0.0673076923076923
0 0.7163461538461539 0.2764423076923077 0.03365384615384615 0.06129807692307692
0 0.8485576923076923 0.2283653846153846 0.019230769230769232 0.03365384615384615
0 0.039663461538461536 0.4951923076923077 0.016826923076923076 0.03365384615384615
0 0.30528846153846156 0.4855769230769231 0.028846153846153848 0.014423076923076924
0 0.8149038461538461 0.6418269230769231 0.037259615384615384 0.04326923076923077
0 0.7860576923076923 0.5168269230769231 0.030048076923076924 0.03365384615384615
0 0.7211538461538461 0.49278846153846156 0.038461538461538464 0.028846153846153848
0 0.7259615384615384 0.7716346153846154 0.04567307692307692 0.052884615384615384
0 0.5721153846153846 0.8028846153846154 0.0625 0.04326923076923077