0 0.18990384615384615 0.3918269230769231 0.03245192307692308 0.04326923076923077
0 0.2403846153846154 0.41346153846153844 0.0625 0.046875
0 0.5528846153846154 0.125 0.038461538461538464 0.0673076923076923
0 0.1778846153846154 0.9423076923076923 0.04807692307692308 0.07692307692307693
0 0.28846153846153844 0.7331730769230769 0.028846153846153848 0.03365384615384615
0 0.6899038461538461 0.5192307692307693 0.030048076923076924 0.03485576923076923
0 0.7860576923076923 0.49038461538461536 0.027644230769230768 0.028846153846153848
0 0.8966346153846154 0.4879807692307692 0.014423076923076924 0.02403846153846154
0 0.8677884615384616 0.5096153846153846 0.014423076923076924 0.028846153846153848
0 0.8149038461538461 0.6586538461538461 0.06490384615384616 0.0625
0 0.8653846153846154 0.6538461538461539 0.03125 0.06490384615384616
0 0.8870192307692307 0.6538461538461539 0.028846153846153848 0.0625