0 0.17067307692307693 0.2932692307692308 0.020432692307692308 0.027644230769230768
0 0.07211538461538461 0.3798076923076923 0.019230769230769232 0.020432692307692308
0 0.3798076923076923 0.32211538461538464 0.03365384615384615 0.039663461538461536
0 0.46634615384615385 0.3173076923076923 0.03365384615384615 0.037259615384615384
0 0.5072115384615384 0.2403846153846154 0.014423076923076924 0.020432692307692308
0 0.7956730769230769 0.2932692307692308 0.042067307692307696 0.04326923076923077
0 0.75 0.18509615384615385 0.014423076923076924 0.02283653846153846
0 0.6947115384615384 0.2403846153846154 0.025240384615384616 0.020432692307692308
0 0.7331730769230769 0.20673076923076922 0.01201923076923077 0.026442307692307692
0 0.38461538461538464 0.9735576923076923 0.057692307692307696 0.052884615384615384
0 0.7740384615384616 0.5793269230769231 0.019230769230769232 0.038461538461538464