0 0.36538461538461536 0.39903846153846156 0.03245192307692308 0.03365384615384615
0 0.18269230769230768 0.34134615384615385 0.038461538461538464 0.03365384615384615
0 0.17548076923076922 0.37740384615384615 0.04807692307692308 0.038461538461538464
0 0.11538461538461539 0.4110576923076923 0.03485576923076923 0.038461538461538464
0 0.16826923076923078 0.47115384615384615 0.03365384615384615 0.04326923076923077
0 0.17548076923076922 0.5697115384615384 0.04326923076923077 0.042067307692307696
0 0.8365384615384616 0.2692307692307692 0.03485576923076923 0.046875
0 0.6754807692307693 0.05048076923076923 0.030048076923076924 0.042067307692307696
0 0.5745192307692307 0.016826923076923076 0.018028846153846152 0.02283653846153846
0 0.25240384615384615 0.6995192307692307 0.042067307692307696 0.038461538461538464
0 0.3894230769230769 0.8485576923076923 0.04326923076923077 0.037259615384615384
0 0.4639423076923077 0.7836538461538461 0.038461538461538464 0.04447115384615385
0 0.5060096153846154 0.7716346153846154 0.026442307692307692 0.02403846153846154
0 0.49759615384615385 0.8028846153846154 0.04326923076923077 0.038461538461538464
0 0.7163461538461539 0.9495192307692307 0.03245192307692308 0.042067307692307696