0 0.18389423076923078 0.010817307692307692 0.04567307692307692 0.021634615384615384
0 0.1875 0.14423076923076922 0.028846153846153848 0.04447115384615385
0 0.18028846153846154 0.6081730769230769 0.019230769230769232 0.03365384615384615
0 0.4495192307692308 0.6129807692307693 0.028846153846153848 0.03365384615384615
0 0.30528846153846156 0.5096153846153846 0.028846153846153848 0.028846153846153848
0 0.003605769230769231 0.5673076923076923 0.007211538461538462 0.028846153846153848
0 0.021634615384615384 0.49278846153846156 0.021634615384615384 0.021634615384615384
0 0.6514423076923077 0.4495192307692308 0.03365384615384615 0.037259615384615384
0 0.8197115384615384 0.44471153846153844 0.02403846153846154 0.037259615384615384
0 0.8942307692307693 0.38461538461538464 0.018028846153846152 0.028846153846153848
0 0.9831730769230769 0.3629807692307692 0.02403846153846154 0.026442307692307692
0 0.9399038461538461 0.31971153846153844 0.01201923076923077 0.019230769230769232
0 0.7235576923076923 0.35336538461538464 0.014423076923076924 0.021634615384615384
0 0.7740384615384616 0.3485576923076923 0.007211538461538462 0.019230769230769232
0 0.6682692307692307 0.34615384615384615 0.019230769230769232 0.014423076923076924
0 0.5528846153846154 0.3894230769230769 0.019230769230769232 0.02403846153846154