0 0.25240384615384615 0.3173076923076923 0.038461538461538464 0.056490384615384616
0 0.04326923076923077 0.20673076923076922 0.02283653846153846 0.028846153846153848
0 0.12980769230769232 0.1778846153846154 0.02403846153846154 0.019230769230769232
0 0.3293269230769231 0.1346153846153846 0.010817307692307692 0.018028846153846152
0 0.24519230769230768 0.13942307692307693 0.013221153846153846 0.019230769230769232
0 0.4807692307692308 0.27403846153846156 0.03245192307692308 0.04326923076923077
0 0.53125 0.2956730769230769 0.0625 0.046875
0 0.06490384615384616 0.5697115384615384 0.04807692307692308 0.06129807692307692
0 0.4855769230769231 0.5961538461538461 0.038461538461538464 0.04927884615384615
0 0.8870192307692307 0.4423076923076923 0.030048076923076924 0.037259615384615384
0 0.9158653846153846 0.3918269230769231 0.027644230769230768 0.02403846153846154