0 0.4206730769230769 0.2956730769230769 0.019230769230769232 0.03365384615384615
0 0.2403846153846154 0.2548076923076923 0.015625 0.028846153846153848
0 0.2620192307692308 0.18028846153846154 0.020432692307692308 0.02283653846153846
0 0.07451923076923077 0.2091346153846154 0.020432692307692308 0.03245192307692308
0 0.59375 0.14423076923076922 0.039663461538461536 0.06610576923076923
0 0.3389423076923077 0.7163461538461539 0.030048076923076924 0.03485576923076923
0 0.4495192307692308 0.7259615384615384 0.037259615384615384 0.03485576923076923
0 0.2980769230769231 0.8413461538461539 0.019230769230769232 0.038461538461538464
0 0.3870192307692308 0.8509615384615384 0.028846153846153848 0.042067307692307696
0 0.6730769230769231 0.44471153846153844 0.039663461538461536 0.04807692307692308
0 0.6502403846153846 0.41947115384615385 0.03125 0.040865384615384616