0 0.4831730769230769 0.35336538461538464 0.030048076923076924 0.04927884615384615
0 0.625 0.3125 0.03365384615384615 0.038461538461538464
0 0.3605769230769231 0.2980769230769231 0.028846153846153848 0.03365384615384615
0 0.16346153846153846 0.2860576923076923 0.019230769230769232 0.027644230769230768
0 0.02403846153846154 0.28125 0.02403846153846154 0.027644230769230768
0 0.84375 0.19951923076923078 0.02403846153846154 0.037259615384615384
0 0.9182692307692307 0.13942307692307693 0.018028846153846152 0.028846153846153848
0 0.9639423076923077 0.07451923076923077 0.013221153846153846 0.019230769230769232
0 0.7524038461538461 0.10697115384615384 0.004807692307692308 0.021634615384615384
0 0.7980769230769231 0.10336538461538461 0.007211538461538462 0.019230769230769232
0 0.3942307692307692 0.5913461538461539 0.04326923076923077 0.056490384615384616