0 0.1201923076923077 0.1466346153846154 0.038461538461538464 0.04807692307692308
0 0.006009615384615385 0.046875 0.01201923076923077 0.036057692307692304
0 0.2283653846153846 0.01201923076923077 0.009615384615384616 0.020432692307692308
0 0.4519230769230769 0.055288461538461536 0.028846153846153848 0.03365384615384615
0 0.47836538461538464 0.021634615384615384 0.02283653846153846 0.019230769230769232
0 0.5709134615384616 0.21394230769230768 0.026442307692307692 0.03365384615384615
0 0.6081730769230769 0.12980769230769232 0.019230769230769232 0.026442307692307692
0 0.7283653846153846 0.13701923076923078 0.01201923076923077 0.026442307692307692
0 0.6850961538461539 0.1971153846153846 0.019230769230769232 0.03365384615384615
0 0.8653846153846154 0.13942307692307693 0.009615384615384616 0.02403846153846154
0 0.0673076923076923 0.5865384615384616 0.03365384615384615 0.051682692307692304
0 0.22115384615384615 0.5384615384615384 0.038461538461538464 0.019230769230769232
0 0.6923076923076923 0.7788461538461539 0.025240384615384616 0.03485576923076923
0 0.6394230769230769 0.8774038461538461 0.04807692307692308 0.046875