0 0.08413461538461539 0.38822115384615385 0.02403846153846154 0.040865384615384616
0 0.08173076923076923 0.35096153846153844 0.030048076923076924 0.03365384615384615
0 0.46875 0.3557692307692308 0.028846153846153848 0.037259615384615384
0 0.6165865384615384 0.3425480769230769 0.026442307692307692 0.03125
0 0.8629807692307693 0.12980769230769232 0.020432692307692308 0.027644230769230768
0 0.7644230769230769 0.21634615384615385 0.019230769230769232 0.020432692307692308
0 0.10336538461538461 0.53125 0.04326923076923077 0.04447115384615385
0 0.04927884615384615 0.41586538461538464 0.026442307692307692 0.014423076923076924
0 0.6129807692307693 0.46153846153846156 0.027644230769230768 0.037259615384615384
0 0.625 0.4170673076923077 0.009615384615384616 0.016826923076923076
0 0.5673076923076923 0.8317307692307693 0.057692307692307696 0.07932692307692307