0 0.6514423076923077 0.39663461538461536 0.042067307692307696 0.038461538461538464
0 0.5865384615384616 0.4567307692307692 0.039663461538461536 0.07692307692307693
0 0.1971153846153846 0.8581730769230769 0.03365384615384615 0.03485576923076923
0 0.040865384615384616 0.7932692307692307 0.015625 0.027644230769230768
0 0.10336538461538461 0.78125 0.014423076923076924 0.026442307692307692
0 0.25240384615384615 0.7788461538461539 0.01201923076923077 0.021634615384615384
0 0.43509615384615385 0.9278846153846154 0.09735576923076923 0.09735576923076923
0 0.7740384615384616 0.6802884615384616 0.019230769230769232 0.04447115384615385
0 0.47115384615384615 0.6778846153846154 0.038461538461538464 0.04326923076923077
0 0.6081730769230769 0.9675480769230769 0.057692307692307696 0.06490384615384616
0 0.5721153846153846 0.9375 0.028846153846153848 0.07211538461538461