0 0.11538461538461539 0.24519230769230768 0.037259615384615384 0.04326923076923077
0 0.25600961538461536 0.30649038461538464 0.04567307692307692 0.040865384615384616
0 0.6177884615384616 0.3629807692307692 0.038461538461538464 0.04807692307692308
0 0.49759615384615385 0.2644230769230769 0.027644230769230768 0.03485576923076923
0 0.7259615384615384 0.2283653846153846 0.009615384615384616 0.020432692307692308
0 0.9495192307692307 0.27163461538461536 0.028846153846153848 0.03365384615384615
0 0.9759615384615384 0.23798076923076922 0.02283653846153846 0.019230769230769232
0 0.09615384615384616 0.6442307692307693 0.020432692307692308 0.028846153846153848
0 0.10336538461538461 0.6177884615384616 0.015625 0.02403846153846154
0 0.23798076923076922 0.6346153846153846 0.006009615384615385 0.025240384615384616
0 0.5985576923076923 0.65625 0.02403846153846154 0.037259615384615384
0 0.5576923076923077 0.5817307692307693 0.020432692307692308 0.028846153846153848
0 0.7139423076923077 0.5793269230769231 0.02403846153846154 0.027644230769230768
0 0.8149038461538461 0.6057692307692307 0.02403846153846154 0.03245192307692308
0 0.9891826923076923 0.7151442307692307 0.021634615384615384 0.040865384615384616