0 0.28365384615384615 0.3629807692307692 0.057692307692307696 0.08173076923076923
0 0.6490384615384616 0.2091346153846154 0.037259615384615384 0.04326923076923077
0 0.6201923076923077 0.08413461538461539 0.03125 0.03365384615384615
0 0.5552884615384616 0.052884615384615384 0.038461538461538464 0.04326923076923077
0 0.5600961538461539 0.3389423076923077 0.04567307692307692 0.052884615384615384
0 0.4182692307692308 0.3701923076923077 0.038461538461538464 0.04326923076923077
0 0.06490384615384616 0.6177884615384616 0.03365384615384615 0.036057692307692304
0 0.23317307692307693 0.6129807692307693 0.02403846153846154 0.036057692307692304
0 0.3076923076923077 0.5528846153846154 0.016826923076923076 0.028846153846153848
0 0.3918269230769231 0.5300480769230769 0.014423076923076924 0.026442307692307692
0 0.35336538461538464 0.4879807692307692 0.01201923076923077 0.019230769230769232
0 0.13701923076923078 0.5216346153846154 0.014423076923076924 0.021634615384615384
0 0.1875 0.5168269230769231 0.007211538461538462 0.019230769230769232
0 0.08173076923076923 0.5144230769230769 0.019230769230769232 0.014423076923076924
0 0.9855769230769231 0.7608173076923077 0.028846153846153848 0.07451923076923077
0 0.8245192307692307 0.6466346153846154 0.028846153846153848 0.04807692307692308
0 0.6706730769230769 0.5504807692307693 0.014423076923076924 0.02403846153846154