0 0.2692307692307692 0.1875 0.03245192307692308 0.037259615384615384
0 0.038461538461538464 0.18028846153846154 0.013221153846153846 0.03365384615384615
0 0.12740384615384615 0.3245192307692308 0.0625 0.06370192307692307
0 0.6490384615384616 0.16826923076923078 0.020432692307692308 0.028846153846153848
0 0.7475961538461539 0.11538461538461539 0.013221153846153846 0.02403846153846154
0 0.8725961538461539 0.14182692307692307 0.019230769230769232 0.028846153846153848
0 0.6370192307692307 0.37740384615384615 0.036057692307692304 0.05048076923076923
0 0.3173076923076923 0.8701923076923077 0.0673076923076923 0.09615384615384616
0 0.43509615384615385 0.90625 0.057692307692307696 0.11177884615384616
0 0.08173076923076923 0.8149038461538461 0.0673076923076923 0.09254807692307693
0 0.19951923076923078 0.8076923076923077 0.040865384615384616 0.08413461538461539
0 0.40384615384615385 0.6682692307692307 0.028846153846153848 0.04807692307692308
0 0.375 0.6634615384615384 0.02403846153846154 0.04326923076923077
0 0.009615384615384616 0.8185096153846154 0.019230769230769232 0.09375
0 0.6634615384615384 0.6201923076923077 0.03365384615384615 0.038461538461538464