0 0.039663461538461536 0.421875 0.036057692307692304 0.01201923076923077
0 0.23317307692307693 0.31971153846153844 0.03365384615384615 0.037259615384615384
0 0.4014423076923077 0.31490384615384615 0.02403846153846154 0.037259615384615384
0 0.47596153846153844 0.2548076923076923 0.018028846153846152 0.028846153846153848
0 0.5612980769230769 0.23197115384615385 0.016826923076923076 0.026442307692307692
0 0.5216346153846154 0.18990384615384615 0.013221153846153846 0.019230769230769232
0 0.30528846153846156 0.22355769230769232 0.014423076923076924 0.020432692307692308
0 0.3557692307692308 0.21875 0.008413461538461538 0.019230769230769232
0 0.25 0.21634615384615385 0.019230769230769232 0.014423076923076924
0 0.1346153846153846 0.25961538461538464 0.019230769230769232 0.02403846153846154
0 0.8822115384615384 0.23557692307692307 0.05889423076923077 0.07692307692307693
0 0.9254807692307693 0.17307692307692307 0.0625 0.0673076923076923
0 0.28365384615384615 0.5600961538461539 0.02283653846153846 0.042067307692307696
0 0.5552884615384616 0.5901442307692307 0.028846153846153848 0.04567307692307692