0 0.2860576923076923 0.021634615384615384 0.03245192307692308 0.03365384615384615
0 0.09615384615384616 0.009615384615384616 0.04807692307692308 0.019230769230769232
0 0.036057692307692304 0.03365384615384615 0.03485576923076923 0.038461538461538464
0 0.0889423076923077 0.09375 0.03365384615384615 0.04326923076923077
0 0.09615384615384616 0.19230769230769232 0.04326923076923077 0.042067307692307696
0 0.7740384615384616 0.010817307692307692 0.057692307692307696 0.021634615384615384
0 0.30528846153846156 0.7956730769230769 0.02283653846153846 0.042067307692307696
0 0.18509615384615385 0.7307692307692307 0.015625 0.027644230769230768
0 0.07932692307692307 0.7331730769230769 0.02283653846153846 0.02283653846153846
0 0.4855769230769231 0.71875 0.027644230769230768 0.028846153846153848
0 0.5456730769230769 0.7740384615384616 0.042067307692307696 0.038461538461538464
0 0.9146634615384616 0.4831730769230769 0.036057692307692304 0.028846153846153848