0 0.19951923076923078 0.13701923076923078 0.02403846153846154 0.052884615384615384
0 0.1971153846153846 0.09375 0.030048076923076924 0.03365384615384615
0 0.20432692307692307 0.6394230769230769 0.028846153846153848 0.028846153846153848
0 0.4326923076923077 0.5216346153846154 0.03365384615384615 0.037259615384615384
0 0.6009615384615384 0.5168269230769231 0.02403846153846154 0.037259615384615384
0 0.6754807692307693 0.4567307692307692 0.018028846153846152 0.028846153846153848
0 0.7644230769230769 0.43509615384615385 0.02403846153846154 0.027644230769230768
0 0.5048076923076923 0.4254807692307692 0.014423076923076924 0.021634615384615384
0 0.5552884615384616 0.4206730769230769 0.007211538461538462 0.019230769230769232
0 0.4495192307692308 0.4182692307692308 0.019230769230769232 0.014423076923076924
0 0.33653846153846156 0.46153846153846156 0.014423076923076924 0.02403846153846154
0 0.9543269230769231 0.7620192307692307 0.03365384615384615 0.0625