0 0.2932692307692308 0.13221153846153846 0.0625 0.1201923076923077
0 0.8004807692307693 0.11057692307692307 0.03245192307692308 0.06370192307692307
0 0.8918269230769231 0.08413461538461539 0.036057692307692304 0.057692307692307696
0 0.5673076923076923 0.05048076923076923 0.016826923076923076 0.028846153846153848
0 0.625 0.04326923076923077 0.014423076923076924 0.021634615384615384
0 0.36538461538461536 0.0625 0.026442307692307692 0.028846153846153848
0 0.27403846153846156 0.7956730769230769 0.026442307692307692 0.057692307692307696
0 0.01201923076923077 0.8052884615384616 0.02403846153846154 0.057692307692307696
0 0.6538461538461539 0.6442307692307693 0.025240384615384616 0.03245192307692308
0 0.71875 0.6322115384615384 0.021634615384615384 0.02403846153846154
0 0.7043269230769231 0.7043269230769231 0.07692307692307693 0.10096153846153846