0 0.3798076923076923 0.31490384615384615 0.051682692307692304 0.06850961538461539
0 0.6670673076923077 0.025240384615384616 0.036057692307692304 0.05048076923076923
0 0.9302884615384616 0.055288461538461536 0.057692307692307696 0.0625
0 0.06971153846153846 0.6346153846153846 0.028846153846153848 0.03485576923076923
0 0.13221153846153846 0.7019230769230769 0.026442307692307692 0.04326923076923077
0 0.34375 0.7139423076923077 0.03125 0.04326923076923077
0 0.3293269230769231 0.6201923076923077 0.02403846153846154 0.03365384615384615
0 0.5408653846153846 0.6514423076923077 0.021634615384615384 0.03125
0 0.6274038461538461 0.6394230769230769 0.026442307692307692 0.03125
0 0.8822115384615384 0.9110576923076923 0.038461538461538464 0.056490384615384616
0 0.6586538461538461 0.8149038461538461 0.019230769230769232 0.03365384615384615