0 0.014423076923076924 0.12980769230769232 0.020432692307692308 0.025240384615384616
0 0.36778846153846156 0.2644230769230769 0.038461538461538464 0.056490384615384616
0 0.5649038461538461 0.15865384615384615 0.028846153846153848 0.038461538461538464
0 0.3701923076923077 0.12740384615384615 0.03365384615384615 0.03365384615384615
0 0.5841346153846154 0.06490384615384616 0.021634615384615384 0.028846153846153848
0 0.7908653846153846 0.0889423076923077 0.01201923076923077 0.026442307692307692
0 0.8341346153846154 0.07211538461538461 0.016826923076923076 0.026442307692307692
0 0.25600961538461536 0.5661057692307693 0.026442307692307692 0.06971153846153846
0 0.15144230769230768 0.5168269230769231 0.03125 0.040865384615384616
0 0.055288461538461536 0.6322115384615384 0.08173076923076923 0.08653846153846154
0 0.6730769230769231 0.6658653846153846 0.04326923076923077 0.057692307692307696
0 0.3870192307692308 0.6009615384615384 0.014423076923076924 0.021634615384615384