0 0.2608173076923077 0.40625 0.06490384615384616 0.08653846153846154
0 0.39903846153846156 0.2956730769230769 0.03365384615384615 0.039663461538461536
0 0.18269230769230768 0.2692307692307692 0.018028846153846152 0.025240384615384616
0 0.057692307692307696 0.25240384615384615 0.019230769230769232 0.02403846153846154
0 0.7451923076923077 0.16346153846153846 0.02403846153846154 0.037259615384615384
0 0.7043269230769231 0.0889423076923077 0.020432692307692308 0.028846153846153848
0 0.8605769230769231 0.08653846153846154 0.02403846153846154 0.027644230769230768
0 0.9615384615384616 0.11298076923076923 0.02403846153846154 0.03245192307692308
0 0.009615384615384616 0.6646634615384616 0.019230769230769232 0.036057692307692304
0 0.1658653846153846 0.7355769230769231 0.03245192307692308 0.037259615384615384
0 0.2764423076923077 0.7403846153846154 0.02283653846153846 0.039663461538461536
0 0.2091346153846154 0.7572115384615384 0.025240384615384616 0.028846153846153848
0 0.1875 0.7908653846153846 0.03365384615384615 0.040865384615384616