0 0.24519230769230768 0.0889423076923077 0.019230769230769232 0.04447115384615385
0 0.07932692307692307 0.3894230769230769 0.057692307692307696 0.09134615384615384
0 0.04326923076923077 0.34615384615384615 0.028846153846153848 0.07211538461538461
0 0.7788461538461539 0.2283653846153846 0.038461538461538464 0.046875
0 0.7668269230769231 0.15625 0.038461538461538464 0.037259615384615384
0 0.09615384615384616 0.6538461538461539 0.02403846153846154 0.037259615384615384
0 0.17067307692307693 0.59375 0.018028846153846152 0.028846153846153848
0 0.25961538461538464 0.5721153846153846 0.02403846153846154 0.027644230769230768
0 0.21634615384615385 0.5288461538461539 0.01201923076923077 0.019230769230769232
0 0.003605769230769231 0.5612980769230769 0.007211538461538462 0.021634615384615384
0 0.05048076923076923 0.5576923076923077 0.007211538461538462 0.019230769230769232
0 0.5625 0.75 0.0673076923076923 0.09615384615384616
0 0.6802884615384616 0.7860576923076923 0.057692307692307696 0.11177884615384616
0 0.44471153846153844 0.6875 0.039663461538461536 0.08533653846153846
0 0.6490384615384616 0.5480769230769231 0.028846153846153848 0.04807692307692308
0 0.6201923076923077 0.5432692307692307 0.02403846153846154 0.04326923076923077