0 0.78125 0.31490384615384615 0.04326923076923077 0.06610576923076923
0 0.8846153846153846 0.27884615384615385 0.03125 0.04807692307692308
0 0.8605769230769231 0.21875 0.026442307692307692 0.026442307692307692
0 0.9182692307692307 0.23557692307692307 0.036057692307692304 0.03365384615384615
0 0.7475961538461539 0.2548076923076923 0.04326923076923077 0.040865384615384616
0 0.43990384615384615 0.6947115384615384 0.04807692307692308 0.0625
0 0.28125 0.65625 0.042067307692307696 0.04807692307692308
0 0.8918269230769231 0.6081730769230769 0.025240384615384616 0.051682692307692304
0 0.9711538461538461 0.5745192307692307 0.027644230769230768 0.03365384615384615
0 0.7740384615384616 0.5745192307692307 0.019230769230769232 0.03125
0 0.7091346153846154 0.5793269230769231 0.019230769230769232 0.036057692307692304