0 0.09375 0.16826923076923078 0.030048076923076924 0.03485576923076923
0 0.18990384615384615 0.13942307692307693 0.027644230769230768 0.028846153846153848
0 0.3004807692307692 0.13701923076923078 0.014423076923076924 0.02403846153846154
0 0.27163461538461536 0.15865384615384615 0.014423076923076924 0.028846153846153848
0 0.21875 0.3076923076923077 0.06610576923076923 0.0625
0 0.2692307692307692 0.30288461538461536 0.03245192307692308 0.06370192307692307
0 0.29086538461538464 0.30288461538461536 0.028846153846153848 0.0625
0 0.7740384615384616 0.11538461538461539 0.028846153846153848 0.028846153846153848
0 0.08653846153846154 0.44471153846153844 0.028846153846153848 0.03485576923076923
0 0.14903846153846154 0.5120192307692307 0.027644230769230768 0.04326923076923077
0 0.3605769230769231 0.5240384615384616 0.030048076923076924 0.04326923076923077
0 0.34615384615384615 0.43028846153846156 0.02403846153846154 0.03365384615384615
0 0.5576923076923077 0.46153846153846156 0.020432692307692308 0.030048076923076924
0 0.8197115384615384 0.5048076923076923 0.057692307692307696 0.07692307692307693